t,in_network,entry_waiting,total_queue,congestion_index,completed
0,1,0,0,0.0004807692307692308,0
1,3,0,0,0.0014423076923076924,0
2,3,0,0,0.0014423076923076924,0
3,4,0,0,0.0019230769230769232,0
4,5,0,0,0.002403846153846154,0
5,7,0,0,0.003365384615384616,0
6,9,0,0,0.004326923076923077,0
7,11,0,0,0.005288461538461539,0
8,12,0,0,0.0057692307692307696,0
9,13,0,1,0.00625,0
10,16,0,1,0.007692307692307693,0
11,20,0,2,0.009615384615384616,0
12,22,0,2,0.010576923076923078,0
13,26,0,3,0.0125,0
14,28,0,4,0.013461538461538464,0
15,32,0,6,0.015384615384615385,0
16,32,0,8,0.015384615384615385,0
17,36,1,9,0.01682692307692308,0
18,37,1,10,0.01730769230769231,0
19,39,0,11,0.01875,0
20,41,0,14,0.019711538461538464,0
21,42,0,15,0.020192307692307693,0
22,43,0,17,0.020673076923076926,0
23,44,0,20,0.021153846153846155,0
24,47,0,20,0.022596153846153842,0
25,48,0,22,0.023076923076923078,0
26,49,0,24,0.02355769230769231,0
27,48,0,28,0.023076923076923078,2
28,51,0,30,0.024519230769230772,2
29,51,0,33,0.024519230769230772,4
30,53,0,14,0.02548076923076923,5
31,53,0,8,0.025480769230769234,5
32,53,0,6,0.025480769230769234,5
33,55,0,7,0.0264423076923077,5
34,55,0,8,0.026442307692307692,5
35,56,0,9,0.026923076923076928,5
36,57,0,11,0.027403846153846157,5
37,57,0,13,0.027403846153846157,5
38,54,0,19,0.025961538461538463,10
39,51,0,19,0.024519230769230772,15
40,48,0,20,0.023076923076923078,18
41,48,0,20,0.023076923076923078,19
42,49,0,21,0.023557692307692307,19
43,52,0,21,0.025,19
44,53,0,22,0.02548076923076923,19
45,56,0,22,0.02692307692307692,19
46,55,0,27,0.026442307692307692,21
47,57,0,29,0.027403846153846157,23
48,59,0,29,0.028365384615384615,24
49,61,0,30,0.029326923076923077,26
50,67,0,30,0.03221153846153847,26
51,67,0,31,0.032211538461538465,26
52,68,0,32,0.0326923076923077,27
53,72,0,34,0.03461538461538462,27
54,70,0,37,0.03365384615384616,30
55,72,0,40,0.03461538461538462,30
56,73,0,42,0.035096153846153846,30
57,74,0,47,0.035576923076923075,30
58,74,0,53,0.035576923076923075,31
59,73,0,55,0.035096153846153846,32
60,76,0,27,0.03653846153846154,32
61,77,0,18,0.03701923076923077,32
62,77,0,14,0.03701923076923077,32
63,79,0,14,0.03798076923076923,33
64,82,0,14,0.03942307692307692,33
65,83,0,14,0.03990384615384616,33
66,85,0,14,0.04086538461538462,33
67,88,0,14,0.04230769230769231,33
68,80,0,24,0.03846153846153846,42
69,78,0,26,0.0375,48
70,78,0,27,0.037500000000000006,50
71,79,1,30,0.0375,51
72,82,0,31,0.03942307692307692,51
73,82,0,33,0.03942307692307692,51
74,83,0,35,0.03990384615384616,51
75,87,0,37,0.041826923076923074,51
76,83,0,41,0.03990384615384616,56
77,82,0,42,0.03942307692307692,57
78,82,0,44,0.03942307692307693,58
79,81,0,44,0.03894230769230769,59
80,81,0,47,0.03894230769230769,60
81,84,0,46,0.04038461538461539,60
82,85,0,46,0.040865384615384616,60
83,86,0,49,0.041346153846153845,60
84,83,0,52,0.03990384615384615,64
85,83,1,55,0.03942307692307692,67
86,83,0,56,0.03990384615384616,68
87,85,0,55,0.040865384615384616,68
88,86,0,53,0.04134615384615385,69
89,88,0,51,0.04230769230769231,69
90,88,0,43,0.04230769230769231,70
91,90,0,36,0.04326923076923077,71
92,92,0,29,0.04423076923076923,71
93,98,0,25,0.04711538461538462,72
94,99,0,23,0.04759615384615385,73
95,98,0,21,0.04711538461538462,74
96,98,0,20,0.047115384615384615,76
97,96,0,18,0.046153846153846156,79
98,98,0,22,0.04711538461538462,80
99,96,0,24,0.046153846153846156,84
100,95,0,28,0.04567307692307693,87
101,93,0,34,0.044711538461538455,91
102,94,0,35,0.04519230769230769,92
103,96,0,37,0.046153846153846156,93
104,94,0,40,0.04519230769230769,96
105,94,0,45,0.0451923076923077,96
106,93,0,49,0.04471153846153846,99
107,93,0,53,0.044711538461538455,101
108,95,0,54,0.04567307692307692,102
109,95,0,57,0.04567307692307692,105
110,93,0,59,0.04471153846153847,108
111,93,0,61,0.044711538461538455,109
112,96,0,62,0.046153846153846156,111
113,97,0,62,0.046634615384615385,113
114,98,0,64,0.047115384615384615,113
115,98,0,65,0.04711538461538462,114
116,98,0,69,0.04711538461538462,115
117,100,0,72,0.04807692307692309,116
118,101,0,75,0.048557692307692316,116
119,102,0,78,0.049038461538461545,117
120,104,0,52,0.05,118
121,103,0,30,0.049519230769230774,119
122,105,0,19,0.05048076923076923,119
123,108,0,14,0.05192307692307692,119
124,109,0,12,0.05240384615384615,119
125,114,0,12,0.054807692307692314,119
126,114,0,13,0.054807692307692314,119
127,115,0,14,0.05528846153846154,119
128,105,0,22,0.05048076923076923,130
129,98,0,30,0.047115384615384615,139
130,97,0,35,0.046634615384615385,145
131,97,0,39,0.046634615384615385,146
132,100,0,40,0.04807692307692307,148
133,102,0,42,0.049038461538461545,148
134,102,0,42,0.049038461538461545,148
135,104,0,43,0.05,148
136,102,0,45,0.049038461538461545,153
137,100,0,48,0.04807692307692309,157
138,99,0,52,0.047596153846153844,160
139,100,0,55,0.04807692307692309,162
140,102,0,60,0.04903846153846154,164
141,102,0,65,0.049038461538461545,164
142,105,0,65,0.05048076923076923,164
143,106,0,66,0.05096153846153846,164
144,101,0,71,0.048557692307692316,170
145,102,0,72,0.049038461538461545,171
146,101,0,70,0.048557692307692316,173
147,103,0,68,0.049519230769230774,174
148,103,0,67,0.049519230769230774,174
149,102,0,59,0.049038461538461545,176
150,104,0,53,0.05,176
151,103,0,38,0.049519230769230774,177
152,103,0,26,0.049519230769230774,177
153,105,0,20,0.05048076923076923,179
154,107,0,18,0.05144230769230769,180
155,108,0,16,0.05192307692307692,181
156,109,0,15,0.05240384615384615,183
157,106,0,19,0.05096153846153846,186
158,109,0,20,0.052403846153846155,187
159,109,0,26,0.052403846153846155,190
160,106,0,27,0.05096153846153846,194
161,106,0,33,0.05096153846153846,195
162,105,0,37,0.05048076923076923,199
163,102,0,41,0.049038461538461545,205
164,100,0,43,0.04807692307692308,207
165,99,0,44,0.047596153846153844,209
166,94,0,49,0.0451923076923077,214
167,92,0,50,0.044230769230769226,219
168,91,0,54,0.04375,224
169,90,0,56,0.04326923076923077,227
170,93,0,59,0.04471153846153846,228
171,95,0,62,0.04567307692307693,228
172,94,0,63,0.04519230769230769,229
173,97,0,64,0.046634615384615385,229
174,99,0,67,0.047596153846153844,229
175,102,0,71,0.049038461538461545,230
176,103,0,75,0.049519230769230774,231
177,103,0,77,0.049519230769230774,233
178,105,0,82,0.05048076923076923,233
179,106,0,85,0.05096153846153847,234
180,106,0,53,0.05096153846153846,235
181,109,0,35,0.052403846153846155,235
182,110,0,24,0.052884615384615384,235
183,109,0,20,0.052403846153846155,237
184,110,0,17,0.052884615384615384,237
185,112,0,15,0.05384615384615384,237
186,112,0,14,0.053846153846153856,237
187,114,0,14,0.054807692307692314,237
188,105,0,22,0.05048076923076924,246
189,101,0,28,0.0485576923076923,253
190,103,0,33,0.049519230769230774,255
191,101,0,36,0.04855769230769231,260
192,101,0,38,0.04855769230769231,261
193,102,0,42,0.04903846153846154,262
194,100,0,43,0.04807692307692308,264
195,100,0,45,0.04807692307692308,265
196,94,0,50,0.045192307692307684,272
197,90,0,55,0.04326923076923077,278
198,88,0,60,0.04230769230769231,281
199,86,0,59,0.041346153846153845,283
200,85,0,59,0.040865384615384616,286
201,89,0,60,0.04278846153846154,286
202,89,0,60,0.04278846153846154,286
203,90,0,60,0.04326923076923077,286
204,91,1,62,0.04326923076923077,288
205,90,0,66,0.043269230769230775,289
206,90,0,66,0.04326923076923077,292
207,90,0,68,0.04326923076923077,293
208,91,0,65,0.04375,294
209,92,0,65,0.044230769230769226,295
210,94,0,52,0.04519230769230769,295
211,94,0,42,0.0451923076923077,295
212,95,0,33,0.04567307692307692,295
213,95,0,24,0.04567307692307692,295
214,95,0,20,0.04567307692307693,296
215,96,0,20,0.046153846153846156,296
216,98,0,20,0.04711538461538462,296
217,96,0,21,0.046153846153846156,299
218,91,0,23,0.04375,305
219,87,0,25,0.04182692307692308,312
220,86,0,25,0.041346153846153845,315
221,82,0,26,0.03942307692307693,321
222,80,0,26,0.038461538461538464,326
223,79,0,28,0.03798076923076923,327
224,77,0,33,0.03701923076923077,329
225,79,0,35,0.03798076923076923,330
226,80,1,40,0.03798076923076923,332
227,78,0,44,0.0375,334
228,73,0,47,0.035096153846153846,341
229,77,0,50,0.03701923076923077,341
230,78,0,54,0.0375,343
231,82,0,54,0.03942307692307693,343
232,85,0,54,0.040865384615384616,345
233,88,0,55,0.04230769230769231,345
234,89,0,56,0.04278846153846154,346
235,89,0,57,0.04278846153846154,346
236,90,0,59,0.04326923076923077,347
237,92,0,64,0.04423076923076923,348
238,94,0,67,0.0451923076923077,348
239,95,0,71,0.04567307692307693,348
240,98,0,44,0.047115384615384615,348
241,97,0,30,0.046634615384615385,350
242,98,0,21,0.047115384615384615,351
243,102,0,18,0.04903846153846154,351
244,105,0,20,0.05048076923076923,351
245,106,0,22,0.05096153846153846,351
246,108,0,23,0.051923076923076926,351
247,109,0,24,0.052403846153846155,351
248,89,0,30,0.04278846153846154,371
249,80,0,35,0.038461538461538464,380
250,78,0,41,0.037500000000000006,382
251,79,0,42,0.03798076923076923,383
252,83,0,43,0.03990384615384616,383
253,82,0,43,0.03942307692307693,384
254,83,0,44,0.03990384615384616,384
255,88,0,44,0.04230769230769231,384
256,87,0,47,0.04182692307692308,387
257,89,0,48,0.04278846153846154,388
258,87,0,48,0.04182692307692308,391
259,86,0,51,0.04134615384615385,393
260,87,0,54,0.04182692307692308,393
261,90,0,54,0.04326923076923077,393
262,91,0,54,0.043750000000000004,393
263,92,0,55,0.044230769230769226,393
264,92,0,54,0.04423076923076923,395
265,96,0,56,0.046153846153846156,396
266,101,1,58,0.04807692307692307,396
267,101,0,58,0.0485576923076923,398
268,103,0,53,0.049519230769230774,398
269,104,0,52,0.05,398
270,109,1,49,0.051923076923076926,398
271,111,0,42,0.05336538461538461,399
272,112,0,35,0.05384615384615384,400
273,113,0,28,0.05432692307692307,400
274,114,0,27,0.054807692307692314,401
275,115,0,27,0.05528846153846154,402
276,117,0,27,0.05625,404
277,114,0,23,0.0548076923076923,408
278,117,0,25,0.05625,409
279,116,0,30,0.05576923076923077,412
280,109,0,33,0.05240384615384615,419
281,106,0,38,0.05096153846153846,423
282,107,0,38,0.05144230769230769,426
283,109,0,40,0.052403846153846155,427
284,109,1,43,0.05192307692307692,431
285,107,0,45,0.05144230769230769,434
286,107,0,48,0.0514423076923077,436
287,108,0,52,0.05192307692307692,439
288,107,0,53,0.05144230769230769,441
289,107,0,58,0.05144230769230769,443
290,109,1,61,0.05192307692307692,446
291,109,0,63,0.052403846153846155,447
292,109,0,68,0.052403846153846155,448
293,110,0,71,0.052884615384615384,448
294,108,0,76,0.051923076923076926,450
295,108,0,78,0.051923076923076926,451
296,107,0,78,0.0514423076923077,452
297,107,0,80,0.0514423076923077,453
298,108,0,85,0.05192307692307692,454
299,109,0,88,0.052403846153846155,456
300,109,0,59,0.052403846153846155,457
301,111,0,36,0.05336538461538463,458
302,113,0,22,0.05432692307692307,458
303,114,0,16,0.054807692307692314,459
304,115,0,14,0.05528846153846154,459
305,116,0,13,0.05576923076923077,459
306,117,0,12,0.05625,459
307,118,0,13,0.05673076923076923,459
308,107,0,23,0.05144230769230769,471
309,104,0,32,0.05,479
310,96,0,37,0.046153846153846156,489
311,94,0,39,0.045192307692307684,494
312,94,0,39,0.04519230769230769,495
313,95,0,41,0.04567307692307693,496
314,96,0,42,0.046153846153846156,497
315,98,0,43,0.047115384615384615,498
316,94,0,46,0.04519230769230769,505
317,96,1,52,0.04567307692307693,508
318,98,0,54,0.047115384615384615,510
319,96,0,57,0.046153846153846156,513
320,97,0,59,0.046634615384615385,514
321,100,0,59,0.04807692307692307,514
322,105,0,60,0.05048076923076923,515
323,105,0,62,0.05048076923076923,516
324,103,0,63,0.04951923076923077,519
325,104,0,66,0.05,522
326,105,0,67,0.05048076923076923,522
327,106,0,63,0.05096153846153846,523
328,106,0,61,0.05096153846153846,523
329,108,0,61,0.05192307692307692,523
330,109,0,61,0.052403846153846155,524
331,111,0,54,0.05336538461538461,525
332,112,0,50,0.053846153846153856,525
333,111,0,47,0.05336538461538461,526
334,110,0,37,0.0528846153846154,528
335,109,0,31,0.05240384615384615,530
336,109,0,26,0.052403846153846155,531
337,113,0,25,0.05432692307692307,532
338,112,0,25,0.053846153846153856,534
339,110,0,28,0.05288461538461538,537
340,111,0,29,0.05336538461538461,538
341,113,0,34,0.054326923076923085,539
342,109,0,40,0.05240384615384615,544
343,105,0,45,0.05048076923076923,550
344,101,0,49,0.048557692307692316,556
345,102,0,55,0.049038461538461545,556
346,100,0,58,0.04807692307692307,560
347,101,0,61,0.048557692307692316,560
348,101,0,62,0.048557692307692316,563
349,99,0,63,0.047596153846153844,565
350,101,0,64,0.048557692307692316,566
351,101,0,66,0.048557692307692316,567
352,103,0,66,0.049519230769230774,567
353,104,0,68,0.05,570
354,105,0,68,0.05048076923076923,571
355,106,0,69,0.05096153846153846,573
356,105,1,72,0.05,576
357,104,0,75,0.05,577
358,105,0,80,0.05048076923076923,578
359,108,0,82,0.051923076923076926,578
360,108,0,53,0.05192307692307692,578
361,108,0,35,0.051923076923076926,580
362,110,0,25,0.052884615384615384,580
363,113,0,18,0.054326923076923085,580
364,115,0,11,0.05528846153846154,581
365,117,0,10,0.05625,581
366,118,0,10,0.05673076923076923,581
367,120,0,12,0.05769230769230769,581
368,106,0,18,0.05096153846153846,595
369,102,0,24,0.049038461538461545,603
370,98,0,27,0.04711538461538462,608
371,96,0,28,0.046153846153846156,613
372,97,0,30,0.046634615384615385,615
373,99,0,34,0.04759615384615385,615
374,103,0,35,0.049519230769230774,615
375,104,0,37,0.05,616
376,99,0,41,0.04759615384615385,624
377,92,0,46,0.044230769230769226,631
378,93,0,48,0.04471153846153846,636
379,89,0,50,0.04278846153846154,642
380,90,0,52,0.04326923076923077,644
381,91,0,51,0.04375,644
382,90,0,55,0.04326923076923077,645
383,92,0,55,0.044230769230769226,645
384,93,0,59,0.044711538461538455,645
385,94,0,60,0.04519230769230769,646
386,93,0,63,0.04471153846153846,648
387,94,0,59,0.04519230769230769,649
388,94,0,60,0.04519230769230769,652
389,94,0,57,0.0451923076923077,653
390,95,0,51,0.04567307692307692,653
391,98,0,49,0.047115384615384615,653
392,102,0,45,0.04903846153846154,653
393,104,0,40,0.05,653
394,104,0,35,0.05,653
395,100,0,32,0.04807692307692307,657
396,99,0,27,0.047596153846153844,660
397,101,0,29,0.04855769230769231,660
398,99,0,28,0.04759615384615385,662
399,99,0,30,0.047596153846153844,663
400,100,0,34,0.04807692307692308,665
401,99,0,37,0.04759615384615385,668
402,97,0,39,0.046634615384615385,671
403,97,0,40,0.046634615384615385,673
404,96,0,45,0.046153846153846156,675
405,98,0,48,0.047115384615384615,677
406,96,0,51,0.046153846153846156,679
407,94,0,54,0.04519230769230769,682
408,95,0,57,0.04567307692307692,682
409,96,0,60,0.046153846153846156,684
410,95,0,60,0.04567307692307692,687
411,97,0,64,0.04663461538461539,690
412,96,0,68,0.04615384615384615,692
413,98,0,72,0.047115384615384615,693
414,97,0,72,0.04663461538461538,695
415,99,0,73,0.047596153846153844,695
416,98,0,76,0.047115384615384615,696
417,101,0,79,0.048557692307692316,696
418,101,0,82,0.048557692307692316,697
419,102,0,87,0.049038461538461545,698
420,105,0,58,0.05048076923076923,698
421,106,0,39,0.05096153846153846,698
422,109,0,25,0.052403846153846155,698
423,113,1,18,0.05384615384615384,699
424,114,0,14,0.054807692307692314,699
425,116,0,12,0.05576923076923077,699
426,117,0,12,0.05624999999999999,699
427,120,0,12,0.05769230769230769,699
428,112,0,26,0.053846153846153856,707
429,106,0,32,0.05096153846153846,714
430,103,0,37,0.04951923076923077,718
431,104,0,43,0.05,720
432,105,0,45,0.05048076923076923,720
433,106,0,46,0.05096153846153846,721
434,106,0,46,0.05096153846153846,721
435,109,0,48,0.05240384615384617,722
436,109,0,51,0.052403846153846155,726
437,106,0,54,0.05096153846153846,732
438,106,0,56,0.05096153846153847,734
439,106,0,60,0.05096153846153847,735
440,106,0,61,0.05096153846153846,737
441,107,0,66,0.05144230769230769,737
442,109,0,66,0.052403846153846155,737
443,107,0,68,0.05144230769230769,739
444,104,0,70,0.05,742
445,105,0,74,0.05048076923076923,743
446,103,0,73,0.049519230769230774,747
447,102,0,68,0.049038461538461545,749
448,103,0,65,0.049519230769230774,749
449,107,0,61,0.05144230769230769,749
450,106,0,55,0.05096153846153846,750
451,108,0,51,0.051923076923076926,750
452,111,0,47,0.05336538461538463,750
453,114,0,43,0.054807692307692314,751
454,114,0,36,0.054807692307692314,752
455,114,0,30,0.054807692307692314,754
456,116,0,24,0.05576923076923077,756
457,116,0,24,0.05576923076923077,759
458,113,0,26,0.054326923076923085,762
459,111,0,28,0.05336538461538463,766
460,108,0,31,0.05192307692307692,770
461,107,0,35,0.05144230769230769,772
462,105,0,38,0.05048076923076923,779
463,101,0,41,0.0485576923076923,785
464,97,0,45,0.04663461538461539,790
465,97,0,48,0.046634615384615385,792
466,99,0,49,0.04759615384615386,793
467,99,0,50,0.047596153846153844,794
468,101,0,51,0.048557692307692316,794
469,103,0,53,0.049519230769230774,794
470,102,0,57,0.049038461538461545,796
471,101,0,59,0.04855769230769231,799
472,97,0,62,0.046634615384615385,804
473,95,0,63,0.04567307692307692,807
474,96,0,64,0.046153846153846156,807
475,99,0,66,0.047596153846153844,807
476,101,0,68,0.048557692307692316,807
477,99,0,71,0.047596153846153844,809
478,100,0,75,0.04807692307692307,809
479,101,0,79,0.048557692307692316,809
480,102,0,50,0.049038461538461545,809
481,103,0,33,0.049519230769230774,811
482,103,0,22,0.049519230769230774,814
483,103,0,19,0.049519230769230774,815
484,105,0,19,0.05048076923076923,815
485,106,0,18,0.05096153846153846,815
486,110,0,18,0.052884615384615384,815
487,112,0,17,0.053846153846153856,815
488,104,0,28,0.05,824
489,95,0,34,0.04567307692307692,834
490,94,0,37,0.0451923076923077,839
491,92,0,39,0.044230769230769226,841
492,96,0,42,0.046153846153846156,841
493,97,0,43,0.046634615384615385,842
494,99,0,46,0.047596153846153844,842
495,102,0,49,0.04903846153846154,843
496,99,0,54,0.047596153846153844,847
497,98,0,56,0.047115384615384615,849
498,96,0,61,0.04615384615384615,853
499,97,0,61,0.046634615384615385,855
500,98,0,65,0.047115384615384615,856
501,99,0,66,0.047596153846153844,856
502,101,0,66,0.04855769230769231,857
503,102,0,67,0.04903846153846153,857
504,102,0,64,0.04903846153846154,858
505,100,0,65,0.04807692307692307,860
506,100,0,60,0.04807692307692309,861
507,99,0,51,0.04759615384615385,862
508,98,0,46,0.047115384615384615,864
509,101,0,42,0.04855769230769231,864
510,102,0,44,0.049038461538461545,864
511,103,0,47,0.049519230769230774,865
512,101,0,49,0.048557692307692316,868
513,104,0,44,0.05,868
514,104,0,41,0.05,871
515,102,0,36,0.04903846153846154,874
516,100,0,32,0.04807692307692308,877
517,101,0,32,0.048557692307692316,878
518,103,0,30,0.049519230769230774,879
519,103,0,27,0.049519230769230774,879
520,102,0,27,0.049038461538461545,880
521,103,0,30,0.049519230769230774,882
522,98,0,30,0.047115384615384615,888
523,96,0,36,0.046153846153846156,893
524,99,0,39,0.047596153846153844,897
525,100,0,43,0.04807692307692308,899
526,99,0,46,0.04759615384615385,902
527,97,0,46,0.04663461538461539,905
528,96,0,46,0.046153846153846156,906
529,94,0,48,0.0451923076923077,909
530,94,0,51,0.0451923076923077,912
531,93,0,53,0.04471153846153847,913
532,95,0,61,0.04567307692307693,913
533,96,0,65,0.046153846153846156,913
534,98,0,67,0.047115384615384615,913
535,99,0,69,0.047596153846153844,913
536,99,0,70,0.047596153846153844,913
537,101,0,73,0.048557692307692316,914
538,101,0,77,0.048557692307692316,915
539,103,0,81,0.049519230769230774,915
540,105,0,50,0.05048076923076923,916
541,104,0,29,0.05,918
542,110,1,23,0.05240384615384615,918
543,113,0,20,0.054326923076923085,918
544,114,0,18,0.054807692307692314,918
545,115,0,17,0.05528846153846154,918
546,116,0,16,0.05576923076923077,918
547,116,0,15,0.05576923076923077,918
548,107,0,29,0.0514423076923077,930
549,104,0,37,0.05,934
550,103,0,40,0.04951923076923077,937
551,104,0,43,0.05,938
552,106,0,43,0.05096153846153846,938
553,105,0,43,0.05048076923076923,939
554,107,0,44,0.05144230769230769,939
555,110,0,45,0.0528846153846154,939
556,104,0,50,0.05,946
557,99,0,54,0.047596153846153844,952
558,95,0,57,0.04567307692307693,957
559,96,0,61,0.046153846153846156,958
560,97,0,61,0.046634615384615385,958
561,99,1,61,0.047115384615384615,960
562,98,0,62,0.047115384615384615,962
563,97,0,62,0.04663461538461538,964
564,96,0,61,0.046153846153846156,966
565,97,0,60,0.046634615384615385,968
566,98,0,59,0.047115384615384615,969
567,102,0,55,0.04903846153846153,969
568,104,0,51,0.05,970
569,108,0,47,0.051923076923076926,970
570,109,0,43,0.05240384615384615,970
571,112,0,42,0.053846153846153856,970
572,112,0,37,0.053846153846153856,971
573,113,0,36,0.054326923076923085,972
574,114,0,35,0.054807692307692314,973
575,112,0,35,0.05384615384615384,976
576,109,0,32,0.052403846153846155,980
577,108,0,30,0.05192307692307692,984
578,108,0,26,0.051923076923076926,988
579,106,0,23,0.05096153846153846,992
580,104,0,23,0.05,994
581,106,0,25,0.05096153846153846,995
582,105,0,27,0.05048076923076923,998
583,104,0,30,0.05,1001
584,100,0,32,0.04807692307692308,1006
585,95,0,35,0.04567307692307691,1012
586,91,0,36,0.04375,1016
587,89,0,39,0.04278846153846154,1019
588,90,1,39,0.04278846153846154,1022
589,92,0,44,0.044230769230769226,1023
590,89,0,46,0.04278846153846154,1026
591,88,0,48,0.04230769230769231,1029
592,87,0,50,0.04182692307692308,1031
593,86,0,52,0.04134615384615385,1033
594,86,0,55,0.041346153846153845,1036
595,86,0,55,0.04134615384615385,1038
596,84,0,59,0.04038461538461539,1041
597,85,0,65,0.040865384615384616,1041
598,85,0,65,0.040865384615384616,1042
599,87,0,68,0.041826923076923074,1042
600,88,0,40,0.04230769230769231,1043
601,92,0,26,0.04423076923076923,1044
602,93,0,19,0.044711538461538455,1045
603,92,0,17,0.044230769230769226,1046
604,93,0,13,0.044711538461538455,1046
605,94,0,11,0.0451923076923077,1046
606,96,0,10,0.046153846153846156,1046
607,100,1,12,0.04759615384615385,1046
608,97,0,26,0.046634615384615385,1054
609,92,0,31,0.044230769230769226,1061
610,91,0,35,0.043750000000000004,1064
611,92,0,36,0.044230769230769226,1066
612,91,0,38,0.04375,1067
613,92,0,42,0.044230769230769226,1067
614,92,0,42,0.044230769230769226,1069
615,97,0,44,0.046634615384615385,1069
616,98,0,51,0.047115384615384615,1071
617,94,0,53,0.0451923076923077,1076
618,96,0,54,0.046153846153846156,1081
619,98,0,55,0.047115384615384615,1081
620,101,0,57,0.04855769230769231,1081
621,103,0,57,0.049519230769230774,1081
622,103,0,58,0.04951923076923077,1082
623,105,0,61,0.05048076923076923,1082
624,107,0,64,0.05144230769230769,1084
625,106,0,62,0.05096153846153847,1086
626,107,0,66,0.05144230769230769,1086
627,109,0,65,0.052403846153846155,1087
628,109,0,61,0.05240384615384615,1088
629,110,0,59,0.052884615384615384,1088
630,109,0,59,0.05240384615384615,1089
631,107,0,57,0.05144230769230769,1092
632,107,0,60,0.05144230769230769,1093
633,110,0,61,0.052884615384615384,1094
634,110,0,57,0.052884615384615384,1095
635,110,0,52,0.052884615384615384,1097
636,110,0,45,0.05288461538461538,1100
637,109,0,41,0.052403846153846155,1101
638,110,0,38,0.052884615384615384,1102
639,112,0,38,0.053846153846153856,1103
640,111,0,38,0.05336538461538461,1105
641,115,0,38,0.05528846153846154,1105
642,114,0,40,0.054807692307692314,1106
643,108,0,46,0.05192307692307692,1112
644,106,0,51,0.05096153846153846,1118
645,106,0,52,0.05096153846153846,1122
646,105,0,54,0.05048076923076923,1124
647,104,0,58,0.05,1127
648,104,0,61,0.05,1129
649,103,0,65,0.049519230769230774,1131
650,107,1,68,0.05096153846153847,1132
651,107,0,68,0.0514423076923077,1134
652,106,0,72,0.05096153846153847,1137
653,105,0,74,0.05048076923076923,1139
654,106,0,75,0.05096153846153846,1140
655,106,0,77,0.05096153846153846,1140
656,107,0,79,0.05144230769230769,1140
657,110,0,84,0.052884615384615384,1142
658,111,0,89,0.05336538461538463,1143
659,113,0,92,0.054326923076923085,1143
660,112,0,63,0.05384615384615384,1144
661,111,0,38,0.05336538461538461,1146
662,115,0,23,0.05528846153846154,1146
663,118,0,16,0.05673076923076923,1146
664,118,0,11,0.05673076923076923,1146
665,118,0,11,0.05673076923076923,1146
666,121,0,10,0.05817307692307692,1146
667,121,0,11,0.05817307692307692,1146
668,111,0,22,0.05336538461538461,1157
669,107,0,32,0.0514423076923077,1164
670,101,0,40,0.048557692307692316,1171
671,101,0,42,0.048557692307692316,1172
672,99,0,43,0.047596153846153844,1174
673,99,0,45,0.047596153846153844,1175
674,100,0,49,0.04807692307692308,1176
675,103,0,49,0.049519230769230774,1176
676,105,0,55,0.05048076923076923,1177
677,101,0,59,0.048557692307692316,1182
678,102,0,61,0.049038461538461545,1185
679,103,0,66,0.049519230769230774,1185
680,103,0,67,0.049519230769230774,1185
681,103,0,69,0.049519230769230774,1186
682,104,0,68,0.05,1186
683,106,0,69,0.05096153846153847,1186
684,108,0,70,0.05192307692307694,1187
685,107,0,72,0.05144230769230769,1189
686,107,0,73,0.0514423076923077,1191
687,107,0,71,0.05144230769230769,1193
688,105,0,64,0.05048076923076923,1195
689,107,0,59,0.0514423076923077,1195
690,108,0,60,0.05192307692307692,1195
691,112,1,61,0.05336538461538461,1195
692,116,0,56,0.05576923076923077,1195
693,116,0,48,0.05576923076923077,1197
694,119,0,45,0.05721153846153846,1197
695,121,0,41,0.05817307692307692,1198
696,121,0,37,0.058173076923076925,1199
697,122,0,36,0.05865384615384617,1200
698,124,0,35,0.05961538461538461,1200
699,126,0,35,0.060576923076923084,1201
700,120,0,35,0.05769230769230769,1208
701,120,0,37,0.057692307692307696,1211
702,118,0,39,0.05673076923076923,1214
703,121,1,41,0.05769230769230769,1215
704,116,0,42,0.05576923076923077,1221
705,117,0,44,0.05625,1222
706,118,0,46,0.05673076923076923,1225
707,121,0,51,0.05817307692307692,1227
708,123,0,53,0.05913461538461538,1230
709,120,0,55,0.05769230769230769,1234
710,119,0,57,0.05721153846153846,1238
711,118,0,63,0.05673076923076923,1240
712,117,0,63,0.05625,1243
713,118,0,66,0.05673076923076923,1243
714,116,0,70,0.05576923076923077,1245
715,119,0,75,0.05721153846153846,1245
716,117,0,80,0.05625,1249
717,118,0,84,0.05673076923076923,1250
718,120,0,89,0.057692307692307696,1250
719,120,0,93,0.057692307692307696,1251
720,120,0,63,0.057692307692307696,1252
721,120,0,41,0.05769230769230769,1256
722,124,0,25,0.059615384615384626,1256
723,123,0,19,0.0591346153846154,1257
724,125,0,17,0.060096153846153855,1258
725,125,0,14,0.060096153846153855,1258
726,127,0,13,0.06105769230769231,1258
727,130,0,14,0.0625,1258
728,118,0,26,0.05673076923076923,1271
729,113,0,35,0.054326923076923085,1277
730,109,0,42,0.052403846153846155,1284
731,109,0,47,0.05240384615384615,1288
732,107,0,49,0.05144230769230769,1291
733,105,0,48,0.05048076923076923,1294
734,108,0,50,0.051923076923076926,1294
735,109,0,50,0.052403846153846155,1294
736,107,0,55,0.05144230769230769,1298
737,99,0,57,0.047596153846153844,1306
738,99,0,62,0.047596153846153844,1308
739,103,0,65,0.04951923076923077,1308
740,105,0,67,0.05048076923076923,1309
741,107,0,67,0.05144230769230769,1310
742,109,1,70,0.05192307692307692,1311
743,109,0,68,0.05240384615384615,1312
744,108,0,68,0.05192307692307692,1314
745,106,0,68,0.05096153846153846,1318
746,105,0,67,0.05048076923076923,1321
747,106,0,67,0.05096153846153846,1321
748,108,0,65,0.05192307692307692,1321
749,108,0,60,0.05192307692307692,1322
750,109,0,55,0.052403846153846155,1322
751,110,0,48,0.052884615384615384,1323
752,113,0,43,0.054326923076923085,1323
753,117,0,40,0.05625,1323
754,118,0,38,0.05673076923076923,1324
755,117,0,35,0.05625,1325
756,116,0,30,0.05576923076923077,1327
757,116,0,27,0.05576923076923077,1327
758,115,0,27,0.05528846153846153,1329
759,113,0,30,0.054326923076923085,1334
760,117,0,31,0.05625,1335
761,115,0,33,0.05528846153846154,1338
762,114,0,37,0.054807692307692314,1339
763,113,0,38,0.054326923076923085,1343
764,109,0,40,0.05240384615384617,1347
765,101,0,42,0.048557692307692316,1356
766,98,0,42,0.047115384615384615,1360
767,94,0,45,0.04519230769230769,1364
768,87,0,46,0.04182692307692308,1372
769,87,0,47,0.04182692307692308,1373
770,86,0,47,0.04134615384615385,1375
771,85,0,49,0.04086538461538462,1378
772,83,0,50,0.03990384615384615,1381
773,86,0,51,0.04134615384615385,1382
774,83,0,53,0.03990384615384616,1386
775,84,0,54,0.04038461538461539,1387
776,81,0,54,0.03894230769230769,1392
777,82,0,57,0.03942307692307692,1394
778,84,0,59,0.04038461538461539,1394
779,84,0,61,0.04038461538461539,1396
780,82,0,38,0.03942307692307692,1398
781,83,0,26,0.03990384615384616,1399
782,84,0,17,0.04038461538461539,1399
783,86,0,11,0.041346153846153845,1400
784,89,0,10,0.04278846153846154,1400
785,89,0,11,0.04278846153846154,1400
786,93,1,11,0.044230769230769226,1400
787,95,0,11,0.04567307692307692,1400
788,83,0,19,0.03990384615384616,1413
789,82,0,24,0.03942307692307692,1419
790,79,0,27,0.03798076923076923,1424
791,77,0,32,0.03701923076923077,1428
792,79,0,34,0.037980769230769235,1428
793,80,0,35,0.038461538461538464,1428
794,88,1,38,0.041826923076923074,1428
795,90,0,40,0.04326923076923077,1428
796,89,0,42,0.04278846153846154,1430
797,88,0,47,0.04230769230769231,1434
798,88,0,49,0.04230769230769231,1434
799,88,0,50,0.04230769230769231,1434
800,91,0,53,0.04375,1435
801,90,0,53,0.04326923076923077,1436
802,93,0,56,0.044711538461538455,1436
803,94,0,58,0.04519230769230769,1436
804,98,0,57,0.047115384615384615,1436
805,97,0,59,0.046634615384615385,1439
806,97,0,58,0.046634615384615385,1441
807,98,0,55,0.047115384615384615,1441
808,96,0,51,0.04615384615384615,1444
809,99,0,47,0.047596153846153844,1444
810,99,0,41,0.047596153846153844,1446
811,98,0,34,0.047115384615384615,1447
812,98,0,30,0.047115384615384615,1448
813,97,0,26,0.04663461538461538,1450
814,98,0,27,0.047115384615384615,1450
815,95,0,24,0.04567307692307692,1454
816,92,0,23,0.04423076923076923,1458
817,94,0,25,0.04519230769230769,1459
818,89,0,25,0.04278846153846154,1465
819,87,0,26,0.04182692307692308,1468
820,87,0,26,0.04182692307692308,1472
821,85,0,27,0.040865384615384616,1475
822,87,0,26,0.04182692307692308,1476
823,89,0,28,0.04278846153846154,1478
824,87,0,29,0.04182692307692308,1482
825,88,0,33,0.04230769230769231,1483
826,85,0,36,0.04086538461538462,1488
827,83,0,39,0.03990384615384616,1491
828,82,0,45,0.03942307692307693,1493
829,82,0,48,0.03942307692307693,1494
830,82,0,49,0.03942307692307692,1496
831,87,0,53,0.04182692307692308,1496
832,88,0,54,0.04230769230769231,1496
833,91,0,56,0.04375,1498
834,92,0,57,0.04423076923076924,1499
835,93,0,59,0.04471153846153847,1500
836,96,0,60,0.04615384615384616,1501
837,98,0,61,0.04711538461538462,1501
838,99,0,67,0.04759615384615385,1501
839,102,0,74,0.049038461538461545,1502
840,102,0,44,0.04903846153846153,1504
841,104,0,29,0.05,1504
842,108,0,20,0.05192307692307692,1504
843,110,0,14,0.052884615384615384,1504
844,113,0,16,0.05432692307692307,1505
845,117,1,16,0.05576923076923077,1505
846,119,0,15,0.05721153846153846,1505
847,120,0,16,0.05769230769230769,1505
848,109,0,28,0.052403846153846155,1517
849,101,0,32,0.048557692307692316,1527
850,101,0,39,0.048557692307692316,1530
851,102,0,42,0.049038461538461545,1532
852,103,0,45,0.049519230769230774,1532
853,103,0,46,0.049519230769230774,1533
854,106,0,47,0.05096153846153846,1533
855,109,0,49,0.052403846153846155,1534
856,105,0,51,0.05048076923076923,1539
857,106,0,53,0.05096153846153846,1543
858,103,0,56,0.04951923076923077,1548
859,103,0,58,0.049519230769230774,1551
860,102,0,58,0.049038461538461545,1553
861,102,0,59,0.049038461538461545,1555
862,101,0,62,0.048557692307692316,1557
863,103,0,63,0.049519230769230774,1558
864,103,0,63,0.049519230769230774,1560
865,103,0,63,0.049519230769230774,1562
866,104,0,66,0.05,1562
867,103,0,59,0.049519230769230774,1564
868,103,0,55,0.049519230769230774,1565
869,106,0,51,0.05096153846153846,1565
870,107,0,49,0.05144230769230769,1565
871,106,0,41,0.05096153846153846,1566
872,107,0,35,0.05144230769230769,1567
873,104,0,34,0.049999999999999996,1571
874,107,0,30,0.05144230769230769,1571
875,109,0,28,0.052403846153846155,1576
876,111,0,25,0.05336538461538461,1577
877,109,0,24,0.052403846153846155,1580
878,113,0,25,0.054326923076923085,1580
879,113,0,28,0.05432692307692307,1582
880,111,0,32,0.053365384615384606,1586
881,113,0,36,0.05432692307692307,1588
882,113,0,41,0.05432692307692307,1589
883,110,0,45,0.05288461538461538,1592
884,108,0,51,0.05192307692307692,1595
885,105,0,52,0.05048076923076923,1600
886,104,0,54,0.05,1604
887,104,0,58,0.05,1606
888,102,0,61,0.04903846153846154,1608
889,103,0,65,0.049519230769230774,1609
890,104,0,66,0.05,1611
891,102,0,67,0.04903846153846154,1613
892,103,0,70,0.049519230769230774,1613
893,104,0,71,0.05,1614
894,103,0,71,0.04951923076923076,1615
895,101,0,72,0.04855769230769231,1618
896,101,0,72,0.04855769230769231,1619
897,102,0,74,0.04903846153846154,1620
898,104,0,78,0.05,1620
899,102,0,81,0.04903846153846154,1623
900,103,0,52,0.049519230769230774,1624
901,102,0,33,0.049038461538461545,1625
902,103,0,21,0.049519230769230774,1627
903,104,0,12,0.05,1627
904,104,0,10,0.05,1627
905,107,0,9,0.0514423076923077,1627
906,107,0,9,0.05144230769230769,1627
907,108,0,10,0.05192307692307692,1627
908,98,0,19,0.047115384615384615,1639
909,92,0,25,0.044230769230769226,1649
910,89,0,34,0.04278846153846154,1654
911,87,0,38,0.04182692307692308,1657
912,92,0,38,0.04423076923076923,1657
913,93,0,42,0.04471153846153847,1657
914,95,0,42,0.04567307692307692,1657
915,96,0,42,0.046153846153846156,1657
916,95,0,47,0.04567307692307692,1660
917,96,0,52,0.046153846153846156,1664
918,96,0,55,0.046153846153846156,1667
919,97,0,56,0.04663461538461539,1668
920,99,0,59,0.04759615384615385,1669
921,100,0,60,0.04807692307692309,1670
922,103,0,62,0.049519230769230774,1670
923,109,1,63,0.05192307692307692,1670
924,107,0,66,0.05144230769230769,1673
925,107,0,67,0.05144230769230769,1675
926,112,0,64,0.053846153846153856,1675
927,112,1,60,0.05336538461538461,1679
928,117,0,56,0.05625,1679
929,121,0,51,0.05817307692307692,1679
930,122,0,48,0.05865384615384617,1679
931,123,0,47,0.05913461538461538,1679
932,124,0,42,0.059615384615384626,1680
933,125,0,40,0.06009615384615384,1682
934,128,0,40,0.06153846153846154,1683
935,126,0,33,0.060576923076923084,1688
936,127,0,38,0.06105769230769231,1690
937,125,0,35,0.060096153846153855,1694
938,124,0,36,0.059615384615384626,1697
939,125,0,38,0.06009615384615384,1697
940,127,0,38,0.06105769230769231,1700
941,125,0,40,0.060096153846153855,1703
942,124,0,48,0.059615384615384626,1706
943,121,0,53,0.05817307692307694,1711
944,121,1,56,0.057692307692307696,1716
945,123,1,62,0.058653846153846154,1719
946,123,0,66,0.05913461538461538,1720
947,125,0,67,0.06009615384615384,1722
948,122,0,68,0.058653846153846154,1727
949,122,0,70,0.05865384615384615,1729
950,121,0,72,0.058173076923076925,1730
951,121,0,75,0.058173076923076925,1732
952,120,0,80,0.057692307692307696,1734
953,121,0,88,0.05817307692307692,1734
954,124,2,89,0.058653846153846154,1736
955,123,0,92,0.059134615384615376,1738
956,125,0,94,0.06009615384615384,1740
957,125,0,96,0.06009615384615384,1741
958,125,0,98,0.06009615384615384,1741
959,125,0,101,0.06009615384615384,1742
960,126,0,69,0.06057692307692307,1743
961,127,0,46,0.06105769230769231,1744
962,127,0,35,0.06105769230769231,1744
963,127,0,29,0.06105769230769231,1744
964,127,0,22,0.0610576923076923,1745
965,131,0,20,0.06298076923076923,1745
966,131,0,18,0.06298076923076923,1745
967,133,0,16,0.06394230769230769,1745
968,127,0,34,0.06105769230769231,1752
969,121,0,41,0.05817307692307694,1758
970,119,0,44,0.05721153846153846,1762
971,118,0,47,0.05673076923076923,1765
972,114,0,49,0.054807692307692314,1770
973,115,0,51,0.05528846153846154,1771
974,114,0,52,0.054807692307692314,1772
975,116,0,54,0.05576923076923077,1773
976,116,0,59,0.05576923076923077,1774
977,112,0,63,0.053846153846153856,1778
978,109,0,65,0.052403846153846155,1782
979,112,1,68,0.05336538461538463,1785
980,112,0,69,0.053846153846153856,1787
981,110,0,70,0.0528846153846154,1790
982,112,0,70,0.053846153846153856,1790
983,116,0,72,0.05576923076923077,1790
984,116,0,74,0.05576923076923077,1793
985,114,0,71,0.054807692307692314,1796
986,112,0,66,0.05384615384615384,1800
987,116,0,68,0.05576923076923077,1800
988,118,0,68,0.05673076923076923,1801
989,119,0,62,0.05721153846153846,1801
990,123,0,49,0.05913461538461538,1801
991,124,0,43,0.05961538461538461,1802
992,122,0,37,0.058653846153846154,1804
993,126,1,33,0.06009615384615384,1806
994,124,0,28,0.059615384615384626,1809
995,124,0,27,0.05961538461538461,1810
996,123,0,29,0.05913461538461538,1811
997,122,0,31,0.05865384615384615,1814
998,117,0,34,0.05625,1820
999,118,0,36,0.05673076923076923,1822
1000,114,0,37,0.054807692307692314,1826
1001,116,0,40,0.05576923076923077,1826
1002,116,0,45,0.05576923076923077,1827
1003,116,0,51,0.05576923076923077,1829
1004,112,0,52,0.05384615384615384,1834
1005,111,0,54,0.05336538461538463,1835
1006,109,1,58,0.051923076923076926,1840
1007,106,0,65,0.05096153846153846,1844
1008,105,0,65,0.05048076923076923,1847
1009,101,0,69,0.048557692307692316,1851
1010,102,0,69,0.049038461538461545,1852
1011,102,0,69,0.049038461538461545,1853
1012,102,0,69,0.049038461538461545,1854
1013,102,1,71,0.048557692307692316,1856
1014,102,0,73,0.049038461538461545,1858
1015,103,0,75,0.04951923076923077,1858
1016,102,0,77,0.04903846153846154,1859
1017,99,0,78,0.04759615384615385,1862
1018,96,0,82,0.046153846153846156,1866
1019,98,0,84,0.04711538461538462,1868
1020,98,0,55,0.04711538461538462,1869
1021,98,0,33,0.04711538461538463,1869
1022,99,0,18,0.04759615384615385,1869
1023,98,0,14,0.047115384615384615,1870
1024,101,0,11,0.048557692307692316,1870
1025,104,0,9,0.05,1870
1026,110,1,9,0.05240384615384617,1870
1027,110,0,10,0.0528846153846154,1870
1028,105,0,22,0.05048076923076923,1877
1029,109,0,28,0.052403846153846155,1880
1030,102,0,30,0.049038461538461545,1887
1031,103,0,33,0.04951923076923077,1887
1032,104,0,37,0.05,1887
1033,105,0,40,0.05048076923076923,1888
1034,105,0,44,0.05048076923076923,1888
1035,104,0,47,0.05,1889
1036,97,0,50,0.046634615384615385,1896
1037,94,0,59,0.0451923076923077,1900
1038,89,0,60,0.04278846153846154,1906
1039,88,0,60,0.04230769230769231,1908
1040,88,0,61,0.04230769230769231,1909
1041,89,0,62,0.04278846153846154,1909
1042,89,0,62,0.04278846153846154,1909
1043,89,0,62,0.04278846153846154,1909
1044,89,0,62,0.04278846153846154,1912
1045,90,0,66,0.04326923076923077,1915
1046,90,0,62,0.04326923076923077,1917
1047,91,0,59,0.04375,1918
1048,93,0,53,0.04471153846153846,1918
1049,93,0,50,0.04471153846153846,1918
1050,93,0,45,0.04471153846153846,1918
1051,94,0,37,0.04519230769230769,1918
1052,97,0,34,0.046634615384615385,1918
1053,98,0,31,0.047115384615384615,1919
1054,95,0,29,0.04567307692307693,1923
1055,95,0,26,0.04567307692307692,1923
1056,92,0,26,0.044230769230769226,1926
1057,91,0,23,0.04375,1929
1058,92,0,22,0.044230769230769226,1932
1059,89,0,23,0.04278846153846154,1936
1060,87,0,24,0.041826923076923074,1940
1061,88,0,26,0.04230769230769231,1943
1062,87,0,27,0.04182692307692308,1946
1063,85,0,31,0.040865384615384616,1949
1064,84,0,32,0.04038461538461539,1952
1065,84,0,33,0.04038461538461539,1954
1066,85,0,38,0.040865384615384616,1955
1067,85,0,39,0.04086538461538462,1957
1068,85,0,42,0.040865384615384616,1959
1069,86,0,45,0.04134615384615385,1961
1070,88,0,47,0.04230769230769231,1962
1071,87,0,47,0.04182692307692308,1964
1072,88,0,49,0.04230769230769231,1965
1073,89,0,51,0.04278846153846154,1966
1074,87,0,52,0.04182692307692308,1968
1075,86,0,54,0.04134615384615385,1969
1076,86,0,55,0.04134615384615385,1969
1077,86,0,61,0.04134615384615385,1970
1078,88,0,66,0.04230769230769231,1970
1079,91,0,68,0.04375,1971
1080,90,0,40,0.04326923076923077,1972
1081,90,0,25,0.04326923076923077,1974
1082,92,0,17,0.04423076923076923,1974
1083,92,0,13,0.044230769230769226,1975
1084,91,0,12,0.043750000000000004,1977
1085,93,0,13,0.04471153846153846,1977
1086,95,0,15,0.04567307692307692,1977
1087,96,0,18,0.046153846153846156,1977
1088,89,0,31,0.04278846153846154,1984
1089,83,0,34,0.03990384615384616,1992
1090,82,0,39,0.03942307692307693,1995
1091,86,0,42,0.04134615384615385,1996
1092,86,0,43,0.04134615384615385,1997
1093,90,0,44,0.04326923076923077,1997
1094,91,0,44,0.04375,1997
1095,93,0,45,0.04471153846153847,1997
1096,92,0,47,0.044230769230769226,2002
1097,87,0,49,0.04182692307692308,2007
1098,90,0,50,0.04326923076923077,2008
1099,91,0,51,0.04375,2009
1100,98,0,52,0.04711538461538462,2009
1101,100,0,52,0.04807692307692308,2010
1102,101,0,53,0.048557692307692316,2010
1103,105,0,52,0.05048076923076923,2010
1104,105,0,53,0.05048076923076923,2012
1105,104,1,52,0.049519230769230774,2016
1106,106,1,54,0.05048076923076923,2016
1107,106,0,55,0.05096153846153846,2017
1108,107,0,56,0.05144230769230769,2017
1109,106,0,57,0.05096153846153846,2018
1110,107,0,54,0.0514423076923077,2020
1111,107,0,57,0.05144230769230769,2022
1112,110,0,55,0.052884615384615384,2022
1113,110,0,49,0.052884615384615384,2023
1114,111,0,47,0.05336538461538461,2025
1115,110,0,41,0.052884615384615384,2027
1116,110,0,36,0.052884615384615384,2029
1117,109,0,33,0.052403846153846155,2031
1118,107,0,29,0.05144230769230769,2033
1119,106,0,30,0.05096153846153846,2034
1120,102,0,29,0.049038461538461545,2038
1121,100,0,31,0.04807692307692307,2042
1122,99,0,34,0.047596153846153844,2045
1123,99,0,40,0.047596153846153844,2047
1124,95,0,44,0.04567307692307691,2053
1125,95,0,47,0.04567307692307692,2055
1126,95,0,51,0.04567307692307693,2057
1127,97,0,51,0.046634615384615385,2058
1128,95,0,55,0.04567307692307692,2061
1129,93,0,58,0.044711538461538455,2063
1130,94,0,64,0.045192307692307684,2064
1131,94,0,66,0.04519230769230769,2066
1132,93,0,68,0.04471153846153847,2067
1133,94,1,70,0.04471153846153846,2068
1134,95,0,71,0.04567307692307693,2070
1135,94,0,72,0.04519230769230769,2071
1136,93,0,74,0.044711538461538455,2072
1137,92,0,74,0.044230769230769226,2073
1138,94,0,76,0.04519230769230769,2073
1139,94,0,79,0.04519230769230769,2073
1140,93,0,50,0.044711538461538455,2075
1141,96,1,34,0.04567307692307692,2075
1142,97,0,28,0.046634615384615385,2076
1143,97,0,20,0.046634615384615385,2078
1144,98,0,14,0.047115384615384615,2078
1145,99,0,12,0.047596153846153844,2078
1146,99,0,10,0.047596153846153844,2078
1147,104,0,9,0.05,2078
1148,98,0,17,0.047115384615384615,2085
1149,94,0,24,0.045192307692307684,2089
1150,89,0,28,0.04278846153846154,2094
1151,89,0,33,0.04278846153846154,2096
1152,91,0,35,0.04375,2098
1153,95,0,36,0.04567307692307693,2098
1154,92,0,35,0.044230769230769226,2101
1155,95,0,38,0.04567307692307693,2101
1156,87,0,42,0.041826923076923074,2111
1157,84,0,44,0.04038461538461539,2117
1158,86,0,47,0.041346153846153845,2118
1159,85,1,49,0.04038461538461539,2121
1160,87,0,54,0.041826923076923074,2122
1161,89,0,58,0.04278846153846154,2122
1162,91,0,58,0.04375,2123
1163,91,0,61,0.04375,2124
1164,93,0,62,0.04471153846153847,2124
1165,93,0,62,0.044711538461538455,2125
1166,93,0,61,0.044711538461538455,2126
1167,94,0,57,0.04519230769230769,2126
1168,97,0,59,0.046634615384615385,2127
1169,100,0,57,0.04807692307692308,2128
1170,99,0,49,0.047596153846153844,2129
1171,99,0,40,0.047596153846153844,2129
1172,99,0,38,0.047596153846153844,2130
1173,100,0,34,0.04807692307692307,2132
1174,100,0,34,0.04807692307692308,2133
1175,99,0,30,0.047596153846153844,2134
1176,98,0,29,0.047115384615384615,2135
1177,98,0,27,0.047115384615384615,2136
1178,95,0,25,0.04567307692307692,2139
1179,93,0,29,0.04471153846153846,2143
1180,93,0,30,0.04471153846153847,2145
1181,92,0,32,0.044230769230769226,2146
1182,94,0,33,0.0451923076923077,2146
1183,97,0,36,0.04663461538461539,2148
1184,98,0,37,0.04711538461538462,2150
1185,99,0,43,0.047596153846153844,2153
1186,96,0,48,0.046153846153846156,2157
1187,100,1,51,0.04759615384615385,2158
1188,102,0,54,0.049038461538461545,2160
1189,100,0,55,0.04807692307692308,2163
1190,99,0,57,0.047596153846153844,2165
1191,99,0,58,0.04759615384615385,2167
1192,104,0,60,0.05,2168
1193,104,0,61,0.05,2170
1194,106,0,61,0.05096153846153846,2170
1195,112,0,64,0.053846153846153856,2172
1196,113,0,66,0.05432692307692307,2173
1197,116,0,69,0.05576923076923077,2173
1198,116,0,72,0.05576923076923077,2173
1199,115,0,80,0.05528846153846154,2174
1200,114,0,56,0.054807692307692314,2176
1201,116,0,37,0.05576923076923077,2177
1202,116,0,24,0.05576923076923077,2177
1203,118,0,23,0.05673076923076923,2177
1204,119,0,22,0.05721153846153846,2177
1205,120,0,21,0.057692307692307696,2177
1206,122,0,21,0.058653846153846154,2177
1207,125,0,21,0.06009615384615384,2177
1208,118,0,29,0.05673076923076923,2188
1209,108,0,35,0.05192307692307692,2199
1210,104,0,41,0.05,2205
1211,104,0,48,0.049999999999999996,2206
1212,105,0,51,0.05048076923076923,2206
1213,106,0,52,0.05096153846153846,2207
1214,106,0,53,0.05096153846153846,2207
1215,108,0,56,0.051923076923076926,2207
1216,103,0,61,0.049519230769230774,2213
1217,100,0,63,0.04807692307692308,2219
1218,101,0,64,0.04855769230769231,2221
1219,100,0,66,0.04807692307692307,2224
1220,103,1,67,0.04903846153846154,2225
1221,104,0,68,0.05,2226
1222,106,0,69,0.05096153846153846,2226
1223,107,0,69,0.05144230769230769,2226
1224,105,0,72,0.05048076923076923,2228
1225,105,0,75,0.05048076923076923,2230
1226,104,0,76,0.05,2232
1227,106,0,72,0.05096153846153846,2232
1228,109,0,69,0.05240384615384615,2233
1229,108,0,64,0.05192307692307692,2234
1230,109,0,57,0.05240384615384615,2234
1231,108,0,49,0.05192307692307692,2235
1232,106,0,40,0.05096153846153846,2237
1233,108,0,30,0.051923076923076926,2237
1234,111,0,27,0.05336538461538461,2237
1235,112,0,25,0.053846153846153856,2239
1236,115,0,30,0.05528846153846154,2240
1237,115,0,31,0.05528846153846154,2242
1238,114,0,31,0.0548076923076923,2244
1239,112,0,30,0.05384615384615384,2247
1240,113,0,34,0.054326923076923085,2249
1241,111,0,39,0.05336538461538463,2254
1242,111,0,42,0.05336538461538463,2258
1243,106,0,44,0.05096153846153846,2264
1244,107,0,49,0.05144230769230769,2264
1245,103,0,52,0.049519230769230774,2268
1246,100,0,54,0.04807692307692308,2273
1247,99,0,56,0.04759615384615386,2276
1248,97,0,59,0.04663461538461539,2278
1249,101,0,61,0.04855769230769231,2278
1250,103,1,63,0.049038461538461545,2279
1251,104,0,64,0.05,2280
1252,106,0,64,0.05096153846153846,2282
1253,111,0,65,0.05336538461538461,2282
1254,110,0,67,0.052884615384615384,2283
1255,109,0,71,0.05240384615384615,2284
1256,114,0,71,0.054807692307692314,2284
1257,116,0,80,0.05576923076923077,2284
1258,116,0,85,0.05576923076923077,2286
1259,116,0,89,0.05576923076923077,2287
1260,116,1,59,0.05528846153846154,2290
1261,120,0,39,0.057692307692307696,2291
1262,119,0,24,0.05721153846153846,2292
1263,120,0,19,0.05769230769230769,2292
1264,121,0,18,0.05817307692307692,2293
1265,125,1,17,0.05961538461538461,2293
1266,128,0,17,0.06153846153846154,2293
1267,129,0,16,0.06201923076923077,2293
1268,116,0,27,0.05576923076923077,2307
1269,106,0,36,0.05096153846153846,2318
1270,105,0,41,0.05048076923076923,2323
1271,104,0,42,0.05,2324
1272,106,0,46,0.05096153846153846,2324
1273,110,0,47,0.052884615384615384,2325
1274,110,0,50,0.0528846153846154,2325
1275,110,0,52,0.0528846153846154,2326
1276,107,1,56,0.05096153846153846,2332
1277,107,0,60,0.0514423076923077,2337
1278,106,0,63,0.05096153846153846,2340
1279,109,0,63,0.05240384615384615,2341
1280,111,0,64,0.05336538461538461,2343
1281,112,0,69,0.05384615384615384,2344
1282,112,0,68,0.053846153846153856,2346
1283,113,0,68,0.054326923076923085,2346
1284,114,0,68,0.054807692307692314,2349
1285,113,0,68,0.054326923076923085,2351
1286,113,0,67,0.05432692307692307,2352
1287,114,0,68,0.054807692307692314,2354
1288,113,0,67,0.05432692307692307,2356
1289,114,0,63,0.054807692307692314,2358
1290,114,0,56,0.0548076923076923,2359
1291,117,0,45,0.05625,2359
1292,119,0,41,0.05721153846153846,2360
1293,120,0,38,0.05769230769230769,2362
1294,121,0,34,0.058173076923076925,2364
1295,122,0,31,0.05865384615384615,2365
1296,122,0,25,0.058653846153846154,2368
1297,122,0,25,0.05865384615384615,2369
1298,120,0,27,0.057692307692307696,2372
1299,120,0,32,0.05769230769230769,2375
1300,119,0,36,0.05721153846153846,2377
1301,117,0,42,0.05625,2379
1302,118,0,48,0.05673076923076923,2380
1303,117,0,51,0.05625,2383
1304,117,0,57,0.05625,2384
1305,115,0,59,0.05528846153846154,2387
1306,115,0,59,0.05528846153846154,2389
1307,113,0,61,0.054326923076923085,2393
1308,115,0,62,0.05528846153846154,2394
1309,115,0,64,0.05528846153846154,2395
1310,116,0,67,0.05576923076923077,2396
1311,115,0,72,0.05528846153846154,2397
1312,114,0,74,0.054807692307692314,2400
1313,112,0,75,0.05384615384615384,2403
1314,112,0,78,0.05384615384615384,2405
1315,109,0,79,0.05240384615384615,2409
1316,109,0,83,0.052403846153846155,2410
1317,109,0,84,0.052403846153846155,2411
1318,108,0,87,0.051923076923076926,2412
1319,114,0,88,0.054807692307692314,2413
1320,114,0,57,0.054807692307692314,2415
1321,114,0,37,0.054807692307692314,2415
1322,113,0,24,0.054326923076923085,2417
1323,116,0,16,0.05576923076923077,2418
1324,117,0,11,0.05625,2418
1325,121,0,9,0.058173076923076925,2418
1326,122,0,9,0.058653846153846154,2418
1327,123,0,15,0.05913461538461538,2418
1328,110,0,28,0.052884615384615384,2433
1329,104,0,34,0.05,2441
1330,97,0,38,0.046634615384615385,2448
1331,94,0,43,0.04519230769230769,2452
1332,90,0,46,0.04326923076923077,2457
1333,95,1,50,0.04519230769230769,2457
1334,99,0,50,0.04759615384615385,2457
1335,99,0,51,0.04759615384615385,2458
1336,97,0,53,0.046634615384615385,2461
1337,97,0,57,0.04663461538461538,2466
1338,97,0,58,0.046634615384615385,2468
1339,95,0,60,0.04567307692307692,2471
1340,99,0,61,0.047596153846153844,2471
1341,101,0,65,0.04855769230769231,2472
1342,101,0,67,0.04855769230769231,2473
1343,104,0,63,0.05,2473
1344,107,0,64,0.0514423076923077,2474
1345,108,0,66,0.05192307692307692,2476
1346,107,0,66,0.0514423076923077,2478
1347,109,0,63,0.052403846153846155,2478
1348,111,0,62,0.05336538461538463,2479
1349,112,0,59,0.053846153846153856,2480
1350,112,0,51,0.053846153846153856,2480
1351,111,0,44,0.05336538461538461,2483
1352,111,0,35,0.05336538461538461,2483
1353,112,0,32,0.05384615384615384,2483
1354,113,0,26,0.054326923076923085,2484
1355,115,0,25,0.05528846153846154,2485
1356,117,0,24,0.05625,2486
1357,118,0,29,0.05673076923076923,2486
1358,115,0,32,0.05528846153846154,2490
1359,113,0,37,0.054326923076923085,2493
1360,109,0,42,0.052403846153846155,2498
1361,109,0,46,0.05240384615384617,2502
1362,109,0,49,0.052403846153846155,2505
1363,111,0,51,0.05336538461538463,2506
1364,110,0,55,0.0528846153846154,2508
1365,111,0,57,0.05336538461538463,2509
1366,112,0,61,0.053846153846153856,2511
1367,112,0,62,0.053846153846153856,2513
1368,108,0,62,0.051923076923076926,2519
1369,112,1,66,0.05336538461538461,2519
1370,114,0,67,0.054807692307692314,2520
1371,112,0,71,0.05384615384615384,2524
1372,109,0,72,0.052403846153846155,2527
1373,112,0,75,0.05384615384615384,2527
1374,113,0,77,0.05432692307692307,2527
1375,113,0,82,0.05432692307692307,2528
1376,117,0,82,0.05625,2528
1377,116,0,86,0.05576923076923077,2529
1378,115,0,93,0.05528846153846154,2531
1379,118,0,97,0.05673076923076924,2531
1380,116,0,63,0.05576923076923077,2533
1381,117,0,42,0.05625,2534
1382,117,0,28,0.05625,2535
1383,119,0,19,0.05721153846153846,2535
1384,119,0,14,0.05721153846153846,2537
1385,120,0,12,0.05769230769230769,2537
1386,122,0,12,0.05865384615384615,2537
1387,125,0,12,0.06009615384615384,2537
1388,112,0,24,0.053846153846153856,2551
1389,105,0,33,0.05048076923076923,2560
1390,102,0,38,0.049038461538461545,2565
1391,99,0,42,0.04759615384615385,2568
1392,100,0,45,0.04807692307692307,2571
1393,99,0,45,0.04759615384615385,2572
1394,100,0,46,0.04807692307692308,2573
1395,98,0,48,0.04711538461538462,2575
1396,99,0,54,0.04759615384615385,2578
1397,98,0,57,0.04711538461538462,2581
1398,95,0,59,0.04567307692307692,2584
1399,94,0,59,0.04519230769230769,2587
1400,93,0,64,0.04471153846153846,2590
1401,92,0,64,0.044230769230769226,2592
1402,94,0,66,0.0451923076923077,2592
1403,96,0,66,0.046153846153846156,2592
1404,96,0,69,0.046153846153846156,2592
1405,96,0,71,0.046153846153846156,2594
1406,94,0,69,0.04519230769230769,2597
1407,95,0,66,0.04567307692307693,2598
1408,96,0,59,0.046153846153846156,2599
1409,97,0,53,0.046634615384615385,2599
1410,98,0,52,0.047115384615384615,2599
1411,100,0,48,0.04807692307692309,2599
1412,104,1,39,0.049519230769230774,2600
1413,103,0,35,0.049519230769230774,2602
1414,106,0,27,0.05096153846153846,2603
1415,103,0,21,0.049519230769230774,2607
1416,102,0,19,0.049038461538461545,2611
1417,104,0,17,0.05,2613
1418,104,0,16,0.05,2616
1419,103,0,15,0.049519230769230774,2619
1420,101,0,18,0.048557692307692316,2624
1421,101,0,20,0.048557692307692316,2626
1422,94,0,20,0.0451923076923077,2633
1423,98,1,22,0.046634615384615385,2635
1424,98,0,28,0.04711538461538462,2639
1425,96,0,33,0.046153846153846156,2642
1426,97,0,35,0.046634615384615385,2643
1427,96,0,38,0.04615384615384615,2646
1428,96,0,42,0.046153846153846156,2648
1429,97,0,44,0.04663461538461539,2649
1430,95,0,44,0.04567307692307692,2652
1431,90,0,46,0.04326923076923077,2657
1432,88,0,48,0.04230769230769231,2659
1433,91,0,50,0.04375,2661
1434,90,0,53,0.04326923076923077,2662
1435,91,0,56,0.04375,2662
1436,90,0,57,0.04326923076923077,2663
1437,89,0,61,0.04278846153846154,2664
1438,90,0,65,0.04326923076923077,2665
1439,93,0,70,0.044711538461538455,2665
1440,94,0,42,0.0451923076923077,2666
1441,96,0,28,0.046153846153846156,2666
1442,96,0,15,0.046153846153846156,2666
1443,95,0,12,0.04567307692307693,2668
1444,97,0,14,0.046634615384615385,2668
1445,98,0,14,0.047115384615384615,2668
1446,102,0,14,0.049038461538461545,2668
1447,105,0,17,0.05048076923076923,2668
1448,94,0,28,0.0451923076923077,2679
1449,88,0,34,0.04230769230769231,2688
1450,87,0,37,0.04182692307692308,2691
1451,88,0,41,0.04230769230769231,2692
1452,87,0,42,0.04182692307692308,2693
1453,92,0,43,0.04423076923076923,2693
1454,95,0,44,0.04567307692307693,2694
1455,96,0,47,0.046153846153846156,2694
1456,94,0,50,0.04519230769230769,2700
1457,94,0,56,0.045192307692307684,2703
1458,93,0,57,0.044711538461538455,2707
1459,96,0,58,0.046153846153846156,2707
1460,99,0,58,0.04759615384615385,2707
1461,102,0,58,0.049038461538461545,2707
1462,104,0,61,0.05,2707
1463,105,0,60,0.05048076923076923,2707
1464,105,0,63,0.05048076923076923,2709
1465,107,0,63,0.0514423076923077,2709
1466,105,0,65,0.05048076923076923,2712
1467,107,0,63,0.05144230769230769,2713
1468,111,0,59,0.05336538461538461,2713
1469,110,0,51,0.052884615384615384,2715
1470,109,0,43,0.05240384615384615,2718
1471,109,0,37,0.052403846153846155,2719
1472,110,0,34,0.052884615384615384,2719
1473,109,0,34,0.05240384615384617,2721
1474,109,0,29,0.052403846153846155,2723
1475,109,0,30,0.052403846153846155,2725
1476,106,0,32,0.05096153846153846,2730
1477,104,0,35,0.049999999999999996,2733
1478,101,0,40,0.04855769230769231,2736
1479,102,0,42,0.049038461538461545,2739
1480,103,0,42,0.049519230769230774,2740
1481,102,0,42,0.049038461538461545,2741
1482,101,0,43,0.048557692307692316,2745
1483,103,0,44,0.049519230769230774,2746
1484,104,0,49,0.05,2746
1485,101,0,51,0.048557692307692316,2750
1486,101,0,53,0.04855769230769231,2753
1487,99,0,56,0.04759615384615385,2755
1488,98,0,56,0.04711538461538462,2758
1489,101,1,56,0.04807692307692309,2760
1490,101,0,58,0.048557692307692316,2761
1491,105,0,62,0.05048076923076923,2762
1492,108,0,64,0.051923076923076926,2762
1493,106,0,65,0.05096153846153846,2764
1494,107,0,67,0.05144230769230769,2765
1495,106,0,67,0.05096153846153846,2767
1496,106,0,69,0.05096153846153846,2770
1497,104,0,73,0.05,2772
1498,105,0,78,0.05048076923076923,2773
1499,105,0,86,0.05048076923076923,2774
1500,106,0,56,0.05096153846153846,2774
1501,107,0,35,0.0514423076923077,2775
1502,106,0,25,0.05096153846153846,2776
1503,108,0,16,0.051923076923076926,2776
1504,110,0,14,0.052884615384615384,2777
1505,111,0,12,0.05336538461538461,2777
1506,112,0,12,0.05384615384615384,2777
1507,114,0,12,0.054807692307692314,2777
1508,109,0,22,0.052403846153846155,2784
1509,105,0,31,0.05048076923076923,2790
1510,103,0,34,0.049519230769230774,2794
1511,102,0,40,0.049038461538461545,2798
1512,105,0,40,0.05048076923076923,2798
1513,105,0,40,0.05048076923076923,2799
1514,104,0,41,0.05,2800
1515,106,0,41,0.05096153846153846,2800
1516,103,1,49,0.049038461538461545,2807
1517,101,0,52,0.04855769230769231,2810
1518,101,0,53,0.048557692307692316,2811
1519,103,0,56,0.049519230769230774,2811
1520,100,0,60,0.04807692307692308,2815
1521,105,0,59,0.05048076923076923,2815
1522,106,0,59,0.05096153846153846,2815
1523,108,0,61,0.05192307692307692,2815
1524,106,0,61,0.05096153846153846,2819
1525,106,0,61,0.05096153846153846,2821
1526,106,0,62,0.05096153846153846,2824
1527,108,0,62,0.051923076923076926,2824
1528,108,0,62,0.051923076923076926,2825
1529,107,0,59,0.05144230769230769,2828
1530,107,0,53,0.05144230769230769,2828
1531,109,0,49,0.05240384615384615,2829
1532,108,0,46,0.051923076923076926,2831
1533,107,0,41,0.0514423076923077,2833
1534,109,0,34,0.052403846153846155,2834
1535,112,0,27,0.053846153846153856,2835
1536,116,1,22,0.05528846153846154,2835
1537,114,0,23,0.054807692307692314,2839
1538,117,0,26,0.05625,2840
1539,116,0,28,0.05576923076923077,2843
1540,115,0,28,0.05528846153846153,2845
1541,112,0,30,0.053846153846153856,2848
1542,109,0,34,0.05240384615384615,2853
1543,105,0,38,0.05048076923076923,2861
1544,102,0,43,0.049038461538461545,2866
1545,105,0,44,0.05048076923076923,2869
1546,106,0,47,0.05096153846153846,2871
1547,105,0,50,0.05048076923076924,2874
1548,101,0,52,0.04855769230769231,2878
1549,99,0,53,0.047596153846153844,2881
1550,99,0,56,0.04759615384615385,2882
1551,101,0,60,0.048557692307692316,2884
1552,102,0,63,0.04903846153846154,2885
1553,101,0,67,0.04855769230769231,2887
1554,101,0,68,0.04855769230769231,2889
1555,101,0,70,0.048557692307692316,2890
1556,101,0,70,0.048557692307692316,2890
1557,101,0,71,0.048557692307692316,2892
1558,103,0,73,0.049519230769230774,2894
1559,104,0,80,0.05,2894
1560,105,0,48,0.05048076923076923,2895
1561,105,0,32,0.05048076923076923,2895
1562,107,0,21,0.0514423076923077,2896
1563,107,0,14,0.0514423076923077,2897
1564,108,0,11,0.051923076923076926,2898
1565,109,0,10,0.052403846153846155,2898
1566,110,0,14,0.052884615384615384,2898
1567,114,0,15,0.054807692307692314,2898
1568,107,0,27,0.0514423076923077,2908
1569,100,0,35,0.04807692307692308,2915
1570,96,0,40,0.046153846153846156,2922
1571,95,0,44,0.04567307692307692,2925
1572,97,0,45,0.04663461538461538,2927
1573,103,1,47,0.049038461538461545,2928
1574,105,0,48,0.05048076923076923,2928
1575,106,0,52,0.05096153846153846,2928
1576,102,0,56,0.049038461538461545,2936
1577,98,0,58,0.04711538461538462,2941
1578,99,0,59,0.04759615384615385,2944
1579,99,0,62,0.04759615384615385,2944
1580,105,0,64,0.05048076923076923,2944
1581,108,0,65,0.051923076923076926,2945
1582,110,0,66,0.0528846153846154,2945
1583,115,0,65,0.05528846153846154,2945
1584,113,0,68,0.054326923076923085,2948
1585,115,0,68,0.05528846153846154,2948
1586,113,0,67,0.054326923076923085,2951
1587,113,0,65,0.054326923076923085,2951
1588,112,0,71,0.05384615384615384,2952
1589,113,0,70,0.054326923076923085,2954
1590,117,0,62,0.05625,2954
1591,116,0,55,0.05576923076923077,2956
1592,117,0,49,0.05625,2956
1593,118,0,43,0.05673076923076923,2956
1594,116,0,40,0.05576923076923077,2960
1595,116,0,35,0.05576923076923077,2961
1596,118,0,33,0.05673076923076924,2961
1597,117,0,35,0.05625000000000001,2962
1598,115,0,38,0.05528846153846154,2967
1599,113,0,42,0.054326923076923085,2970
1600,112,0,45,0.053846153846153856,2973
1601,113,0,45,0.054326923076923085,2974
1602,113,0,47,0.054326923076923085,2977
1603,114,0,49,0.054807692307692314,2979
1604,113,0,51,0.054326923076923085,2981
1605,111,0,54,0.05336538461538461,2985
1606,108,0,56,0.051923076923076926,2990
1607,108,0,58,0.051923076923076926,2991
1608,109,0,60,0.052403846153846155,2994
1609,105,0,61,0.05048076923076923,3001
1610,105,0,64,0.05048076923076923,3002
1611,108,0,67,0.051923076923076926,3003
1612,109,0,69,0.052403846153846155,3004
1613,111,0,70,0.05336538461538463,3005
1614,111,0,70,0.05336538461538461,3007
1615,110,0,72,0.052884615384615384,3009
1616,110,0,75,0.0528846153846154,3011
1617,112,0,78,0.05384615384615384,3014
1618,111,0,81,0.05336538461538461,3015
1619,111,0,88,0.05336538461538461,3015
1620,111,0,56,0.05336538461538461,3016
1621,110,0,35,0.05288461538461538,3017
1622,110,0,24,0.052884615384615384,3019
1623,109,0,18,0.05240384615384617,3020
1624,109,0,15,0.052403846153846155,3021
1625,109,0,17,0.05240384615384615,3021
1626,110,0,16,0.052884615384615384,3021
1627,114,0,15,0.054807692307692314,3021
1628,103,0,27,0.049519230769230774,3036
1629,96,0,34,0.046153846153846156,3043
1630,94,0,37,0.04519230769230769,3048
1631,98,0,42,0.047115384615384615,3048
1632,98,0,44,0.04711538461538462,3049
1633,99,0,44,0.04759615384615386,3051
1634,101,0,45,0.048557692307692316,3051
1635,104,0,47,0.05000000000000001,3051
1636,99,0,50,0.04759615384615385,3056
1637,94,0,51,0.0451923076923077,3062
1638,92,0,55,0.044230769230769226,3067
1639,93,0,59,0.04471153846153847,3068
1640,96,0,61,0.046153846153846156,3068
1641,96,0,61,0.046153846153846156,3068
1642,96,0,62,0.046153846153846156,3069
1643,101,1,63,0.04807692307692309,3070
1644,101,0,63,0.04855769230769231,3071
1645,101,0,63,0.048557692307692316,3073
1646,99,0,66,0.047596153846153844,3075
1647,100,0,63,0.04807692307692308,3075
1648,99,0,57,0.047596153846153844,3077
1649,103,0,54,0.049519230769230774,3077
1650,108,0,52,0.051923076923076926,3077
1651,114,0,56,0.054807692307692314,3077
1652,115,0,51,0.05528846153846153,3078
1653,116,0,44,0.05576923076923076,3079
1654,119,0,35,0.05721153846153846,3079
1655,121,0,29,0.058173076923076925,3079
1656,119,0,23,0.05721153846153846,3083
1657,119,0,24,0.057211538461538466,3084
1658,122,0,27,0.05865384615384615,3084
1659,122,0,33,0.058653846153846154,3085
1660,119,0,36,0.05721153846153846,3089
1661,117,0,37,0.05625,3092
1662,111,0,38,0.05336538461538461,3098
1663,108,0,43,0.05192307692307692,3104
1664,108,0,48,0.051923076923076926,3107
1665,107,0,49,0.05144230769230769,3111
1666,110,0,54,0.05288461538461538,3112
1667,110,0,55,0.052884615384615384,3114
1668,110,0,57,0.052884615384615384,3117
1669,108,0,59,0.05192307692307692,3120
1670,105,0,61,0.05048076923076923,3123
1671,106,0,63,0.05096153846153846,3124
1672,104,0,65,0.05,3128
1673,104,0,68,0.05,3129
1674,107,0,71,0.0514423076923077,3130
1675,106,0,72,0.05096153846153846,3132
1676,108,0,73,0.05192307692307692,3132
1677,108,0,77,0.05192307692307692,3133
1678,108,0,78,0.05192307692307692,3133
1679,111,0,83,0.05336538461538463,3134
1680,113,0,53,0.054326923076923085,3135
1681,115,0,30,0.05528846153846154,3136
1682,116,0,23,0.05576923076923077,3138
1683,117,0,19,0.05625,3138
1684,119,0,18,0.05721153846153846,3138
1685,119,0,16,0.05721153846153846,3138
1686,124,0,14,0.05961538461538461,3138
1687,129,1,16,0.06153846153846154,3138
1688,119,0,31,0.05721153846153846,3148
1689,111,0,41,0.05336538461538461,3158
1690,114,0,46,0.054807692307692314,3161
1691,115,0,47,0.05528846153846154,3162
1692,116,0,49,0.05576923076923077,3163
1693,115,0,50,0.05528846153846154,3164
1694,116,0,53,0.05576923076923077,3164
1695,121,0,56,0.058173076923076925,3164
1696,115,0,60,0.05528846153846154,3170
1697,116,0,62,0.05576923076923077,3175
1698,118,0,68,0.05673076923076924,3178
1699,119,0,69,0.057211538461538466,3178
1700,122,0,72,0.058653846153846154,3180
1701,122,0,73,0.058653846153846154,3180
1702,123,0,74,0.05913461538461538,3182
1703,124,0,77,0.05961538461538461,3183
1704,124,0,78,0.05961538461538461,3184
1705,122,0,79,0.058653846153846154,3186
1706,126,0,78,0.060576923076923084,3188
1707,126,0,77,0.060576923076923084,3191
1708,127,0,74,0.06105769230769231,3192
1709,129,0,66,0.06201923076923077,3192
1710,132,0,61,0.06346153846153846,3193
1711,132,1,52,0.06298076923076923,3195
1712,135,0,41,0.06490384615384617,3195
1713,139,1,39,0.06634615384615386,3195
1714,139,0,37,0.06682692307692309,3196
1715,137,0,29,0.06586538461538462,3198
1716,132,0,31,0.06346153846153846,3203
1717,130,0,33,0.0625,3206
1718,130,0,38,0.0625,3207
1719,127,0,40,0.06105769230769231,3211
1720,122,0,41,0.058653846153846154,3217
1721,122,0,41,0.05865384615384617,3220
1722,118,0,45,0.05673076923076923,3225
1723,115,0,49,0.05528846153846154,3229
1724,117,1,49,0.05576923076923077,3231
1725,120,0,52,0.057692307692307696,3231
1726,121,0,55,0.058173076923076925,3232
1727,119,0,57,0.05721153846153846,3235
1728,118,0,60,0.05673076923076923,3238
1729,116,0,65,0.05576923076923077,3242
1730,115,0,68,0.05528846153846154,3246
1731,114,0,72,0.054807692307692314,3249
1732,120,1,75,0.05721153846153846,3250
1733,120,0,80,0.057692307692307696,3251
1734,121,0,83,0.05817307692307692,3252
1735,119,0,86,0.05721153846153846,3254
1736,118,0,89,0.05673076923076923,3255
1737,118,1,93,0.05625,3257
1738,121,0,97,0.05817307692307692,3258
1739,124,0,99,0.05961538461538461,3258
1740,125,0,73,0.060096153846153855,3258
1741,125,0,47,0.06009615384615384,3259
1742,127,0,34,0.0610576923076923,3260
1743,127,0,22,0.06105769230769231,3260
1744,126,0,17,0.060576923076923084,3262
1745,127,0,16,0.06105769230769231,3262
1746,129,0,19,0.06201923076923077,3262
1747,132,0,21,0.06346153846153846,3262
1748,123,0,33,0.05913461538461538,3274
1749,117,0,41,0.05625,3281
1750,110,0,46,0.052884615384615384,3290
1751,111,0,47,0.05336538461538461,3293
1752,111,0,47,0.05336538461538463,3295
1753,111,0,50,0.05336538461538463,3295
1754,110,0,52,0.052884615384615384,3296
1755,112,1,54,0.05336538461538463,3296
1756,113,0,59,0.054326923076923085,3299
1757,109,0,64,0.052403846153846155,3305
1758,111,0,65,0.05336538461538463,3305
1759,107,0,66,0.0514423076923077,3311
1760,107,0,68,0.05144230769230769,3313
1761,107,0,68,0.05144230769230769,3313
1762,108,0,68,0.051923076923076926,3313
1763,109,0,67,0.052403846153846155,3314
1764,107,0,68,0.05144230769230769,3317
1765,106,0,66,0.05096153846153846,3320
1766,105,0,67,0.05048076923076924,3323
1767,105,0,66,0.05048076923076923,3325
1768,106,0,64,0.05096153846153846,3328
1769,107,0,56,0.05144230769230769,3328
1770,110,0,47,0.052884615384615384,3328
1771,110,0,38,0.052884615384615384,3330
1772,109,0,32,0.052403846153846155,3331
1773,110,0,33,0.05288461538461538,3331
1774,108,0,30,0.05192307692307692,3333
1775,107,0,31,0.05144230769230769,3334
1776,106,0,32,0.05096153846153846,3336
1777,108,0,32,0.05192307692307692,3336
1778,107,1,33,0.05096153846153846,3341
1779,104,0,36,0.05,3345
1780,100,0,38,0.04807692307692308,3350
1781,101,0,40,0.04855769230769231,3351
1782,99,0,43,0.04759615384615385,3353
1783,100,1,44,0.04759615384615385,3356
1784,102,0,46,0.049038461538461545,3357
1785,99,0,47,0.047596153846153844,3362
1786,95,0,52,0.04567307692307693,3366
1787,92,0,55,0.04423076923076923,3370
1788,90,0,56,0.04326923076923077,3373
1789,88,0,58,0.04230769230769231,3376
1790,88,0,59,0.04230769230769231,3377
1791,89,0,62,0.04278846153846154,3379
1792,91,0,66,0.04375,3380
1793,88,0,68,0.04230769230769231,3384
1794,89,0,68,0.04278846153846154,3384
1795,89,0,69,0.04278846153846154,3385
1796,89,0,70,0.04278846153846154,3386
1797,91,0,72,0.04375,3386
1798,92,0,73,0.044230769230769226,3386
1799,93,0,76,0.044711538461538455,3386
